
734569128689721354125834679241673985358912467967485213592147836873296541416358792
030509020609020304020804070201070905050902060907080203090107030803090501010308090
427895163851263749639417582945372618178946325362581497586724931794138256213659874
020805060801060709030407080905070608070906020302080407080704030704030206010609070
314826759286957314957314286521739468869245137473168592148592673732681945695473821
010806050206050304050304080501030408060205030403060502040502070702080905090403020
762594183845371269931826574518269347429137658673458921286943715197685432354712896
060504080805070209030806070508060307020107050603050901080903010107080402050702090
189763542426159837573428196314295678698371425257684319935812764742536981861947253
080703040406050807070408090304090608090301020207080309030802060702030901060907050
472158936965243781831769245598312674617984352243576198359821467184637529726495813
070108030905040701030709040508010604010904050203070108050801060104030509020405010
369127548247658319851439762592386471473291856186574923928765134615843297734912685
060107040207050309050409060502080401070201050106070903020705030605040207030902080
427563189189472365536981724764138952958724631213659847392815476871246593645397218
020503080109070305030901020704030902050704030203050807090805070801040503040307010
814756923923184765576392184685271439792843516341965872467538291138429657259617348
010706020903080705070302080605070409090803010301060802060508090108020607050607040
168493725235187649749265138816749253397652481452318967681934572574821396923576814
060403020205080609040205030806040203090602080402010907080904070504020306020506010
761534982358192467294768315843926571579381246612457839937815624425673198186249753
060504080308090407090708010803020501070301040602050809030805020405070108080209050
756324891134698527982157634519862743327945186468713952641289375875436219293571468
050304090104090507080107030509060703020905080408010902040209070805030209090501060
843657921612389547597421368465938712978142635321576489289763154156894273734215896
040607020602080507090401060405030702070102030301070409080703050106090203030205090
156728943927143865843965127712689354384257619695431782278596431539814276461372598
050708040907040805040905020702080304080207010605030702070506030509010206060302090
723814596154926378896573241387245619462391857915687432271458963649132785538769124
020804090104020308090503040307040609060301050905080402070408060609030705030709020
427318659683795142159264873795136428846952317312487965934521786578649231261873594
020308050603090102050204070705030408040902010302080905030501080508040201060803090
153892647296547381847631952532178469718964523964325178671483295425719836389256714
050802040206040301040601050502070409010904020904020108070403090405010806080206010
985674213631982475742153689873296541254817396196345827319468752568721934427539168
080604010601080405040103080803090501050807090106040807010408050508020904020509060
359168742782459136164723859697341528418275693523986417241697385836512974975834261
050108040702050106060703050607040508010205090503080407040607080806010904070804060
927185463385476219146923578439857621268341957571269834893612745712594386654738192
020105060305070209040903070409050601060301050501060804090602040702090306050708090
498257136236194578715368294584731962963825741127946385652479813371682459849513627
090207030206090508010308090504030902060805040107040305050409010301080409040503020
786529341342187569159643782623478195874951236915236874598362417431795628267814953
080509040302080509050603080603070105070901030905030804090302010401090608060804050
198245673265173984347986251619327548583614792724598136951432867832769415476851329
090205070205070904040906050609020508080604090704090106050402060802060405070801020
583497216124356897769128543235649178678231459941785632497562381856913724312874965
080407010104050807060108040205040108070201050901080602090502080806010704010804060
948521376571386249362497518754869132619732854283145697897213465435678921126954783
040501070501080209060407010704060102010702050203040607090203060405070901020904080
658397241329481576147256398795623814281749653436815927572138469913564782864972135
050307040309080506040206090705020804080709050406010907070108060903060702060902030