234282342823428234282342823428234282342823428234282342823428234282342823428234282342823428234282342823428
23428
23428
23428
23428
23428
23428
23428
23428
23428
23428
23428
23428
23428
23428
23428
23428
23428
23428
23428
234289
234289
234289
234289




234289
234289
234289


234289


















234289
234289
234289
234289
234289
234289
234289
234289
234289
234289
234289
234289




234289
234289
234289
234289
234289
234289
234289
234289
234289
234289
234289
234289
234289
234289
234289
234289
234289

234289
234289


234289
234289
234289
234289
234289
234289
234289
234289

234289
234289





234289
234289
234289
234289
234289
234289
234289
234289
234289
234289
234289
234289
234289
234289
234289
234289
234289
234289
234289
234289
234289
000000200080007090602000500070060000000901000000020040005000603090400070006000000
000000200080007090602000500070060000000901000000020040005000603090400070006000000
000000200080007090602000500070060000000901000000020040005000603090400070006000000
456000200080007090602000500070060000000901000000020040005000603090400070006000000
000000200080007090602000500070060000000901000000020040005000603090400070006000000
000000200080007090602000500070060000000901000000020040005000603090400070006000000
000000200080007090602000500070060000000901000000020040005000603090400070006000000
000000200080007090602000500070060000000901000000020040005000603090400070006000000
000000200080007090602000500070060000000901000000020040005000603090400070006000000
000000200080007090602000500070060000000901000000020040005000603090400070006000000
000000200080007090602000500070060000000901000000020040005000603090400070006000000
000000200080007090602000500070060000000901000000020040005000603090400070006000000
000000200080007090602000500070060000000901000000020040005000603090400070006000000
000000200080007090602000500070060000000901000000020040005000603090400070006000000
000000200080007090602000500070060000000901000000020040005000603090400070006000000
000000200080007090602000500070060000000901000000020040005000603090400070006000000